0.0000000000 -4.0000000000 2.0000000000
0.0374312793 -4.0000000000 2.0000000000
0.0748625586 -4.0000000000 2.0000000000
0.1122938378 -4.0000000000 2.0000000000
0.1497251171 -4.0000000000 2.0000000000
0.1871563964 2.1196978718 2.0000000000
0.2245876757 4.0000000000 2.0000000000
0.2620189549 4.0000000000 2.0000000000
0.2994502342 4.0000000000 2.0000000000
0.3368815135 4.0000000000 2.0000000000
0.3743127928 4.0000000000 2.0000000000
0.4117440720 4.0000000000 2.0000000000
0.4491753513 4.0000000000 2.0000000000
0.4866066306 4.0000000000 2.0000000000
0.5240379099 4.0000000000 2.0000000000
0.5614691891 4.0000000000 2.0000000000
0.5989004684 4.0000000000 2.0000000000
0.6363317477 4.0000000000 2.0000000000
0.6737630270 4.0000000000 2.0000000000
0.7111943062 4.0000000000 2.0000000000
0.7486255855 4.0000000000 2.0000000000
0.7860568648 4.0000000000 0.3341028408
0.8234881441 4.0000000000 -2.0000000000
0.8609194233 4.0000000000 -2.0000000000
0.8983507026 4.0000000000 -2.0000000000
0.9357819819 4.0000000000 -2.0000000000
0.9732132612 4.0000000000 -2.0000000000
1.0106445404 4.0000000000 -2.0000000000
1.0480758197 4.0000000000 -2.0000000000
1.0855070990 1.8809388716 -2.0000000000
1.1229383783 -4.0000000000 -2.0000000000
1.1603696576 -4.0000000000 -2.0000000000
1.1978009368 -4.0000000000 -2.0000000000
1.2352322161 -4.0000000000 -2.0000000000
1.2726634954 -4.0000000000 -2.0000000000
1.3100947747 -4.0000000000 -2.0000000000
1.3475260539 -4.0000000000 -2.0000000000
1.3849573332 -4.0000000000 -2.0000000000
1.4223886125 -4.0000000000 -2.0000000000
1.4598198918 -4.0000000000 -2.0000000000
1.4972511710 -4.0000000000 -2.0000000000
1.5346824503 -4.0000000000 1.1176848152
1.5721137296 -4.0000000000 2.0000000000
1.6095450089 -4.0000000000 2.0000000000
1.6469762881 -4.0000000000 2.0000000000
1.6844075674 -4.0000000000 2.0000000000
1.7218388467 -4.0000000000 2.0000000000
1.7592701260 -4.0000000000 2.0000000000
1.7967014052 -4.0000000000 2.0000000000
1.8341326845 -4.0000000000 2.0000000000
