0.0000000000 -1.0291785883 -0.3426656156 0.8473671425
0.5555555556 -0.2391254370 0.1184170774 2.6644499644
1.1111111111 1.7612824734 0.6408982103 2.7033600906
1.6666666667 2.1154227268 0.1550078875 -0.1815594973
2.2222222222 1.3184701321 -0.5872417310 -3.1687247390
2.7777777778 0.1477218879 -1.4455483811 -2.3051505423
3.3333333333 -1.1245378776 -2.1913334742 0.6250288904
3.8888888889 -1.5775698182 -1.8310875793 2.5851487262
4.4444444444 -0.3656050968 0.0333321804 2.6059505131
5.0000000000 0.5647999508 0.8820968677 0.8753423757
