0.0000000000 -4.0000000000 2.0000000000
0.0374302153 -4.0000000000 2.0000000000
0.0748604306 -4.0000000000 2.0000000000
0.1122906458 -4.0000000000 2.0000000000
0.1497208611 -4.0000000000 2.0000000000
0.1871510764 3.4150474108 2.0000000000
0.2245812917 4.0000000000 2.0000000000
0.2620115070 4.0000000000 2.0000000000
0.2994417222 4.0000000000 2.0000000000
0.3368719375 4.0000000000 2.0000000000
0.3743021528 4.0000000000 2.0000000000
0.4117323681 4.0000000000 2.0000000000
0.4491625834 4.0000000000 2.0000000000
0.4865927986 4.0000000000 2.0000000000
0.5240230139 4.0000000000 2.0000000000
0.5614532292 4.0000000000 2.0000000000
0.5988834445 4.0000000000 2.0000000000
0.6363136598 4.0000000000 2.0000000000
0.6737438750 4.0000000000 2.0000000000
0.7111740903 4.0000000000 2.0000000000
0.7486043056 4.0000000000 2.0000000000
0.7860345209 4.0000000000 2.0000000000
0.8234647362 4.0000000000 -2.0000000000
0.8608949514 4.0000000000 -2.0000000000
0.8983251667 4.0000000000 -2.0000000000
0.9357553820 4.0000000000 -2.0000000000
0.9731855973 4.0000000000 -2.0000000000
1.0106158126 4.0000000000 -2.0000000000
1.0480460278 4.0000000000 -2.0000000000
1.0854762431 0.5855752886 -2.0000000000
1.1229064584 -4.0000000000 -2.0000000000
1.1603366737 -4.0000000000 -2.0000000000
1.1977668890 -4.0000000000 -2.0000000000
1.2351971042 -4.0000000000 -2.0000000000
1.2726273195 -4.0000000000 -2.0000000000
1.3100575348 -4.0000000000 -2.0000000000
1.3474877501 -4.0000000000 -2.0000000000
1.3849179654 -4.0000000000 -2.0000000000
1.4223481806 -4.0000000000 -2.0000000000
1.4597783959 -4.0000000000 -2.0000000000
1.4972086112 -4.0000000000 -2.0000000000
1.5346388265 -4.0000000000 0.1684406379
1.5720690418 -4.0000000000 2.0000000000
1.6094992570 -4.0000000000 2.0000000000
1.6469294723 -4.0000000000 2.0000000000
1.6843596876 -4.0000000000 2.0000000000
1.7217899029 -4.0000000000 2.0000000000
1.7592201182 -4.0000000000 2.0000000000
1.7966503334 -4.0000000000 2.0000000000
1.8340805487 -4.0000000000 2.0000000000
