0.0000000000 2.0088307724 3.7688066096 3.3234793827
0.5555555556 2.0819672850 3.2617288459 3.3639832426
1.1111111111 1.1266702250 1.2705471109 1.5774969638
1.6666666667 -0.4221789382 -1.2028454875 -1.3270507199
2.2222222222 -1.5970675198 -3.3698639815 -2.6663549322
2.7777777778 -1.7142672717 -4.1746173025 -0.6558647102
3.3333333333 -1.0230904960 -3.1146947531 1.6287234689
3.8888888889 0.0835674262 -1.3926923044 2.7279816516
4.4444444444 1.2830231331 0.1776046849 3.0441542287
5.0000000000 2.2176168548 0.9306938862 2.4157498874
