0.0000000000 0.0000000000 0.0000000000 0.0000000000
0.5555555556 0.0000000000 0.0000000000 0.0000000000
1.1111111111 0.0000000000 0.0000000000 0.0000000000
1.6666666667 0.0000000000 0.0000000000 0.0000000000
2.2222222222 0.0000000000 0.0000000000 0.0000000000
2.7777777778 0.0000000000 0.0000000000 0.0000000000
3.3333333333 0.0000000000 0.0000000000 0.0000000000
3.8888888889 0.0000000000 0.0000000000 0.0000000000
4.4444444444 0.0000000000 0.0000000000 0.0000000000
5.0000000000 0.0000000000 0.0000000000 0.0000010000
